Project F TMDS Encoding Model from https://projectf.io
d -> q_m -> q_out (LSB first) - 1s: one count, B: bias, O: balance option. 0-7: data, 8: X(N)OR, 9: inverted

         1s  B   O   0  1  2  3  4  5  6  7      0  1  2  3  4  5  6  7  8      0  1  2  3  4  5  6  7  8  9
=============================================================================================================
  0: XOR (0, 0, A0) [0, 0, 0, 0, 0, 0, 0, 0] -> [0, 0, 0, 0, 0, 0, 0, 0, 1] -> [0, 0, 0, 0, 0, 0, 0, 0, 1, 0]
  1: XOR (8,-8, B0) [1, 0, 0, 0, 0, 0, 0, 0] -> [1, 1, 1, 1, 1, 1, 1, 1, 1] -> [1, 1, 1, 1, 1, 1, 1, 1, 1, 0]
  2: XOR (7, 0, A0) [0, 1, 0, 0, 0, 0, 0, 0] -> [0, 1, 1, 1, 1, 1, 1, 1, 1] -> [0, 1, 1, 1, 1, 1, 1, 1, 1, 0]
  3: XOR (1, 6, B0) [1, 1, 0, 0, 0, 0, 0, 0] -> [1, 0, 0, 0, 0, 0, 0, 0, 1] -> [1, 0, 0, 0, 0, 0, 0, 0, 1, 0]
  4: XOR (6, 0, A0) [0, 0, 1, 0, 0, 0, 0, 0] -> [0, 0, 1, 1, 1, 1, 1, 1, 1] -> [0, 0, 1, 1, 1, 1, 1, 1, 1, 0]
  5: XOR (2, 4, B0) [1, 0, 1, 0, 0, 0, 0, 0] -> [1, 1, 0, 0, 0, 0, 0, 0, 1] -> [1, 1, 0, 0, 0, 0, 0, 0, 1, 0]
  6: XOR (1, 0, A0) [0, 1, 1, 0, 0, 0, 0, 0] -> [0, 1, 0, 0, 0, 0, 0, 0, 1] -> [0, 1, 0, 0, 0, 0, 0, 0, 1, 0]
  7: XOR (7,-6, B0) [1, 1, 1, 0, 0, 0, 0, 0] -> [1, 0, 1, 1, 1, 1, 1, 1, 1] -> [1, 0, 1, 1, 1, 1, 1, 1, 1, 0]
  8: XOR (5, 0, A0) [0, 0, 0, 1, 0, 0, 0, 0] -> [0, 0, 0, 1, 1, 1, 1, 1, 1] -> [0, 0, 0, 1, 1, 1, 1, 1, 1, 0]
  9: XOR (3, 2, B0) [1, 0, 0, 1, 0, 0, 0, 0] -> [1, 1, 1, 0, 0, 0, 0, 0, 1] -> [1, 1, 1, 0, 0, 0, 0, 0, 1, 0]
 10: XOR (2, 0, A0) [0, 1, 0, 1, 0, 0, 0, 0] -> [0, 1, 1, 0, 0, 0, 0, 0, 1] -> [0, 1, 1, 0, 0, 0, 0, 0, 1, 0]
 11: XOR (6,-4, B0) [1, 1, 0, 1, 0, 0, 0, 0] -> [1, 0, 0, 1, 1, 1, 1, 1, 1] -> [1, 0, 0, 1, 1, 1, 1, 1, 1, 0]
 12: XOR (1, 0, A0) [0, 0, 1, 1, 0, 0, 0, 0] -> [0, 0, 1, 0, 0, 0, 0, 0, 1] -> [0, 0, 1, 0, 0, 0, 0, 0, 1, 0]
 13: XOR (7,-6, B0) [1, 0, 1, 1, 0, 0, 0, 0] -> [1, 1, 0, 1, 1, 1, 1, 1, 1] -> [1, 1, 0, 1, 1, 1, 1, 1, 1, 0]
 14: XOR (6, 0, A0) [0, 1, 1, 1, 0, 0, 0, 0] -> [0, 1, 0, 1, 1, 1, 1, 1, 1] -> [0, 1, 0, 1, 1, 1, 1, 1, 1, 0]
 15: XOR (2, 4, B0) [1, 1, 1, 1, 0, 0, 0, 0] -> [1, 0, 1, 0, 0, 0, 0, 0, 1] -> [1, 0, 1, 0, 0, 0, 0, 0, 1, 0]
 16: XOR (4, 0, A0) [0, 0, 0, 0, 1, 0, 0, 0] -> [0, 0, 0, 0, 1, 1, 1, 1, 1] -> [0, 0, 0, 0, 1, 1, 1, 1, 1, 0]
 17: XOR (4, 0, A0) [1, 0, 0, 0, 1, 0, 0, 0] -> [1, 1, 1, 1, 0, 0, 0, 0, 1] -> [1, 1, 1, 1, 0, 0, 0, 0, 1, 0]
 18: XOR (3, 0, A0) [0, 1, 0, 0, 1, 0, 0, 0] -> [0, 1, 1, 1, 0, 0, 0, 0, 1] -> [0, 1, 1, 1, 0, 0, 0, 0, 1, 0]
 19: XOR (5,-2, B0) [1, 1, 0, 0, 1, 0, 0, 0] -> [1, 0, 0, 0, 1, 1, 1, 1, 1] -> [1, 0, 0, 0, 1, 1, 1, 1, 1, 0]
 20: XOR (2, 0, A0) [0, 0, 1, 0, 1, 0, 0, 0] -> [0, 0, 1, 1, 0, 0, 0, 0, 1] -> [0, 0, 1, 1, 0, 0, 0, 0, 1, 0]
 21: XOR (6,-4, B0) [1, 0, 1, 0, 1, 0, 0, 0] -> [1, 1, 0, 0, 1, 1, 1, 1, 1] -> [1, 1, 0, 0, 1, 1, 1, 1, 1, 0]
 22: XOR (5, 0, A0) [0, 1, 1, 0, 1, 0, 0, 0] -> [0, 1, 0, 0, 1, 1, 1, 1, 1] -> [0, 1, 0, 0, 1, 1, 1, 1, 1, 0]
 23: XOR (3, 2, B0) [1, 1, 1, 0, 1, 0, 0, 0] -> [1, 0, 1, 1, 0, 0, 0, 0, 1] -> [1, 0, 1, 1, 0, 0, 0, 0, 1, 0]
 24: XOR (1, 0, A0) [0, 0, 0, 1, 1, 0, 0, 0] -> [0, 0, 0, 1, 0, 0, 0, 0, 1] -> [0, 0, 0, 1, 0, 0, 0, 0, 1, 0]
 25: XOR (7,-6, B0) [1, 0, 0, 1, 1, 0, 0, 0] -> [1, 1, 1, 0, 1, 1, 1, 1, 1] -> [1, 1, 1, 0, 1, 1, 1, 1, 1, 0]
 26: XOR (6, 0, A0) [0, 1, 0, 1, 1, 0, 0, 0] -> [0, 1, 1, 0, 1, 1, 1, 1, 1] -> [0, 1, 1, 0, 1, 1, 1, 1, 1, 0]
 27: XOR (2, 4, B0) [1, 1, 0, 1, 1, 0, 0, 0] -> [1, 0, 0, 1, 0, 0, 0, 0, 1] -> [1, 0, 0, 1, 0, 0, 0, 0, 1, 0]
 28: XOR (5, 0, A0) [0, 0, 1, 1, 1, 0, 0, 0] -> [0, 0, 1, 0, 1, 1, 1, 1, 1] -> [0, 0, 1, 0, 1, 1, 1, 1, 1, 0]
 29: XOR (3, 2, B0) [1, 0, 1, 1, 1, 0, 0, 0] -> [1, 1, 0, 1, 0, 0, 0, 0, 1] -> [1, 1, 0, 1, 0, 0, 0, 0, 1, 0]
 30: XNOR(2, 0, A1) [0, 1, 1, 1, 1, 0, 0, 0] -> [0, 0, 0, 0, 0, 1, 0, 1, 0] -> [1, 1, 1, 1, 1, 0, 1, 0, 0, 1]
 31: XNOR(6, 4, B1) [1, 1, 1, 1, 1, 0, 0, 0] -> [1, 1, 1, 1, 1, 0, 1, 0, 0] -> [0, 0, 0, 0, 0, 1, 0, 1, 0, 1]
 32: XOR (3, 0, A0) [0, 0, 0, 0, 0, 1, 0, 0] -> [0, 0, 0, 0, 0, 1, 1, 1, 1] -> [0, 0, 0, 0, 0, 1, 1, 1, 1, 0]
 33: XOR (5,-2, B0) [1, 0, 0, 0, 0, 1, 0, 0] -> [1, 1, 1, 1, 1, 0, 0, 0, 1] -> [1, 1, 1, 1, 1, 0, 0, 0, 1, 0]
 34: XOR (4, 0, A0) [0, 1, 0, 0, 0, 1, 0, 0] -> [0, 1, 1, 1, 1, 0, 0, 0, 1] -> [0, 1, 1, 1, 1, 0, 0, 0, 1, 0]
 35: XOR (4, 0, A0) [1, 1, 0, 0, 0, 1, 0, 0] -> [1, 0, 0, 0, 0, 1, 1, 1, 1] -> [1, 0, 0, 0, 0, 1, 1, 1, 1, 0]
 36: XOR (3, 0, A0) [0, 0, 1, 0, 0, 1, 0, 0] -> [0, 0, 1, 1, 1, 0, 0, 0, 1] -> [0, 0, 1, 1, 1, 0, 0, 0, 1, 0]
 37: XOR (5,-2, B0) [1, 0, 1, 0, 0, 1, 0, 0] -> [1, 1, 0, 0, 0, 1, 1, 1, 1] -> [1, 1, 0, 0, 0, 1, 1, 1, 1, 0]
 38: XOR (4, 0, A0) [0, 1, 1, 0, 0, 1, 0, 0] -> [0, 1, 0, 0, 0, 1, 1, 1, 1] -> [0, 1, 0, 0, 0, 1, 1, 1, 1, 0]
 39: XOR (4, 0, A0) [1, 1, 1, 0, 0, 1, 0, 0] -> [1, 0, 1, 1, 1, 0, 0, 0, 1] -> [1, 0, 1, 1, 1, 0, 0, 0, 1, 0]
 40: XOR (2, 0, A0) [0, 0, 0, 1, 0, 1, 0, 0] -> [0, 0, 0, 1, 1, 0, 0, 0, 1] -> [0, 0, 0, 1, 1, 0, 0, 0, 1, 0]
 41: XOR (6,-4, B0) [1, 0, 0, 1, 0, 1, 0, 0] -> [1, 1, 1, 0, 0, 1, 1, 1, 1] -> [1, 1, 1, 0, 0, 1, 1, 1, 1, 0]
 42: XOR (5, 0, A0) [0, 1, 0, 1, 0, 1, 0, 0] -> [0, 1, 1, 0, 0, 1, 1, 1, 1] -> [0, 1, 1, 0, 0, 1, 1, 1, 1, 0]
 43: XOR (3, 2, B0) [1, 1, 0, 1, 0, 1, 0, 0] -> [1, 0, 0, 1, 1, 0, 0, 0, 1] -> [1, 0, 0, 1, 1, 0, 0, 0, 1, 0]
 44: XOR (4, 0, A0) [0, 0, 1, 1, 0, 1, 0, 0] -> [0, 0, 1, 0, 0, 1, 1, 1, 1] -> [0, 0, 1, 0, 0, 1, 1, 1, 1, 0]
 45: XOR (4, 0, A0) [1, 0, 1, 1, 0, 1, 0, 0] -> [1, 1, 0, 1, 1, 0, 0, 0, 1] -> [1, 1, 0, 1, 1, 0, 0, 0, 1, 0]
 46: XNOR(3, 0, A1) [0, 1, 1, 1, 0, 1, 0, 0] -> [0, 0, 0, 0, 1, 1, 0, 1, 0] -> [1, 1, 1, 1, 0, 0, 1, 0, 0, 1]
 47: XNOR(5, 2, B1) [1, 1, 1, 1, 0, 1, 0, 0] -> [1, 1, 1, 1, 0, 0, 1, 0, 0] -> [0, 0, 0, 0, 1, 1, 0, 1, 0, 1]
 48: XOR (1, 0, A0) [0, 0, 0, 0, 1, 1, 0, 0] -> [0, 0, 0, 0, 1, 0, 0, 0, 1] -> [0, 0, 0, 0, 1, 0, 0, 0, 1, 0]
 49: XOR (7,-6, B0) [1, 0, 0, 0, 1, 1, 0, 0] -> [1, 1, 1, 1, 0, 1, 1, 1, 1] -> [1, 1, 1, 1, 0, 1, 1, 1, 1, 0]
 50: XOR (6, 0, A0) [0, 1, 0, 0, 1, 1, 0, 0] -> [0, 1, 1, 1, 0, 1, 1, 1, 1] -> [0, 1, 1, 1, 0, 1, 1, 1, 1, 0]
 51: XOR (2, 4, B0) [1, 1, 0, 0, 1, 1, 0, 0] -> [1, 0, 0, 0, 1, 0, 0, 0, 1] -> [1, 0, 0, 0, 1, 0, 0, 0, 1, 0]
 52: XOR (5, 0, A0) [0, 0, 1, 0, 1, 1, 0, 0] -> [0, 0, 1, 1, 0, 1, 1, 1, 1] -> [0, 0, 1, 1, 0, 1, 1, 1, 1, 0]
 53: XOR (3, 2, B0) [1, 0, 1, 0, 1, 1, 0, 0] -> [1, 1, 0, 0, 1, 0, 0, 0, 1] -> [1, 1, 0, 0, 1, 0, 0, 0, 1, 0]
 54: XNOR(4, 0, A1) [0, 1, 1, 0, 1, 1, 0, 0] -> [0, 0, 0, 1, 1, 1, 0, 1, 0] -> [1, 1, 1, 0, 0, 0, 1, 0, 0, 1]
 55: XNOR(4, 0, A1) [1, 1, 1, 0, 1, 1, 0, 0] -> [1, 1, 1, 0, 0, 0, 1, 0, 0] -> [0, 0, 0, 1, 1, 1, 0, 1, 0, 1]
 56: XOR (4, 0, A0) [0, 0, 0, 1, 1, 1, 0, 0] -> [0, 0, 0, 1, 0, 1, 1, 1, 1] -> [0, 0, 0, 1, 0, 1, 1, 1, 1, 0]
 57: XOR (4, 0, A0) [1, 0, 0, 1, 1, 1, 0, 0] -> [1, 1, 1, 0, 1, 0, 0, 0, 1] -> [1, 1, 1, 0, 1, 0, 0, 0, 1, 0]
 58: XNOR(5, 0, A1) [0, 1, 0, 1, 1, 1, 0, 0] -> [0, 0, 1, 1, 1, 1, 0, 1, 0] -> [1, 1, 0, 0, 0, 0, 1, 0, 0, 1]
 59: XNOR(3,-2, B1) [1, 1, 0, 1, 1, 1, 0, 0] -> [1, 1, 0, 0, 0, 0, 1, 0, 0] -> [0, 0, 1, 1, 1, 1, 0, 1, 0, 1]
 60: XNOR(6, 0, A1) [0, 0, 1, 1, 1, 1, 0, 0] -> [0, 1, 1, 1, 1, 1, 0, 1, 0] -> [1, 0, 0, 0, 0, 0, 1, 0, 0, 1]
 61: XNOR(2,-4, B1) [1, 0, 1, 1, 1, 1, 0, 0] -> [1, 0, 0, 0, 0, 0, 1, 0, 0] -> [0, 1, 1, 1, 1, 1, 0, 1, 0, 1]
 62: XNOR(1, 0, A1) [0, 1, 1, 1, 1, 1, 0, 0] -> [0, 0, 0, 0, 0, 0, 1, 0, 0] -> [1, 1, 1, 1, 1, 1, 0, 1, 0, 1]
 63: XNOR(7, 6, B1) [1, 1, 1, 1, 1, 1, 0, 0] -> [1, 1, 1, 1, 1, 1, 0, 1, 0] -> [0, 0, 0, 0, 0, 0, 1, 0, 0, 1]
 64: XOR (2, 0, A0) [0, 0, 0, 0, 0, 0, 1, 0] -> [0, 0, 0, 0, 0, 0, 1, 1, 1] -> [0, 0, 0, 0, 0, 0, 1, 1, 1, 0]
 65: XOR (6,-4, B0) [1, 0, 0, 0, 0, 0, 1, 0] -> [1, 1, 1, 1, 1, 1, 0, 0, 1] -> [1, 1, 1, 1, 1, 1, 0, 0, 1, 0]
 66: XOR (5, 0, A0) [0, 1, 0, 0, 0, 0, 1, 0] -> [0, 1, 1, 1, 1, 1, 0, 0, 1] -> [0, 1, 1, 1, 1, 1, 0, 0, 1, 0]
 67: XOR (3, 2, B0) [1, 1, 0, 0, 0, 0, 1, 0] -> [1, 0, 0, 0, 0, 0, 1, 1, 1] -> [1, 0, 0, 0, 0, 0, 1, 1, 1, 0]
 68: XOR (4, 0, A0) [0, 0, 1, 0, 0, 0, 1, 0] -> [0, 0, 1, 1, 1, 1, 0, 0, 1] -> [0, 0, 1, 1, 1, 1, 0, 0, 1, 0]
 69: XOR (4, 0, A0) [1, 0, 1, 0, 0, 0, 1, 0] -> [1, 1, 0, 0, 0, 0, 1, 1, 1] -> [1, 1, 0, 0, 0, 0, 1, 1, 1, 0]
 70: XOR (3, 0, A0) [0, 1, 1, 0, 0, 0, 1, 0] -> [0, 1, 0, 0, 0, 0, 1, 1, 1] -> [0, 1, 0, 0, 0, 0, 1, 1, 1, 0]
 71: XOR (5,-2, B0) [1, 1, 1, 0, 0, 0, 1, 0] -> [1, 0, 1, 1, 1, 1, 0, 0, 1] -> [1, 0, 1, 1, 1, 1, 0, 0, 1, 0]
 72: XOR (3, 0, A0) [0, 0, 0, 1, 0, 0, 1, 0] -> [0, 0, 0, 1, 1, 1, 0, 0, 1] -> [0, 0, 0, 1, 1, 1, 0, 0, 1, 0]
 73: XOR (5,-2, B0) [1, 0, 0, 1, 0, 0, 1, 0] -> [1, 1, 1, 0, 0, 0, 1, 1, 1] -> [1, 1, 1, 0, 0, 0, 1, 1, 1, 0]
 74: XOR (4, 0, A0) [0, 1, 0, 1, 0, 0, 1, 0] -> [0, 1, 1, 0, 0, 0, 1, 1, 1] -> [0, 1, 1, 0, 0, 0, 1, 1, 1, 0]
 75: XOR (4, 0, A0) [1, 1, 0, 1, 0, 0, 1, 0] -> [1, 0, 0, 1, 1, 1, 0, 0, 1] -> [1, 0, 0, 1, 1, 1, 0, 0, 1, 0]
 76: XOR (3, 0, A0) [0, 0, 1, 1, 0, 0, 1, 0] -> [0, 0, 1, 0, 0, 0, 1, 1, 1] -> [0, 0, 1, 0, 0, 0, 1, 1, 1, 0]
 77: XOR (5,-2, B0) [1, 0, 1, 1, 0, 0, 1, 0] -> [1, 1, 0, 1, 1, 1, 0, 0, 1] -> [1, 1, 0, 1, 1, 1, 0, 0, 1, 0]
 78: XNOR(2, 0, A1) [0, 1, 1, 1, 0, 0, 1, 0] -> [0, 0, 0, 0, 1, 0, 0, 1, 0] -> [1, 1, 1, 1, 0, 1, 1, 0, 0, 1]
 79: XNOR(6, 4, B1) [1, 1, 1, 1, 0, 0, 1, 0] -> [1, 1, 1, 1, 0, 1, 1, 0, 0] -> [0, 0, 0, 0, 1, 0, 0, 1, 0, 1]
 80: XOR (2, 0, A0) [0, 0, 0, 0, 1, 0, 1, 0] -> [0, 0, 0, 0, 1, 1, 0, 0, 1] -> [0, 0, 0, 0, 1, 1, 0, 0, 1, 0]
 81: XOR (6,-4, B0) [1, 0, 0, 0, 1, 0, 1, 0] -> [1, 1, 1, 1, 0, 0, 1, 1, 1] -> [1, 1, 1, 1, 0, 0, 1, 1, 1, 0]
 82: XOR (5, 0, A0) [0, 1, 0, 0, 1, 0, 1, 0] -> [0, 1, 1, 1, 0, 0, 1, 1, 1] -> [0, 1, 1, 1, 0, 0, 1, 1, 1, 0]
 83: XOR (3, 2, B0) [1, 1, 0, 0, 1, 0, 1, 0] -> [1, 0, 0, 0, 1, 1, 0, 0, 1] -> [1, 0, 0, 0, 1, 1, 0, 0, 1, 0]
 84: XOR (4, 0, A0) [0, 0, 1, 0, 1, 0, 1, 0] -> [0, 0, 1, 1, 0, 0, 1, 1, 1] -> [0, 0, 1, 1, 0, 0, 1, 1, 1, 0]
 85: XOR (4, 0, A0) [1, 0, 1, 0, 1, 0, 1, 0] -> [1, 1, 0, 0, 1, 1, 0, 0, 1] -> [1, 1, 0, 0, 1, 1, 0, 0, 1, 0]
 86: XNOR(3, 0, A1) [0, 1, 1, 0, 1, 0, 1, 0] -> [0, 0, 0, 1, 1, 0, 0, 1, 0] -> [1, 1, 1, 0, 0, 1, 1, 0, 0, 1]
 87: XNOR(5, 2, B1) [1, 1, 1, 0, 1, 0, 1, 0] -> [1, 1, 1, 0, 0, 1, 1, 0, 0] -> [0, 0, 0, 1, 1, 0, 0, 1, 0, 1]
 88: XOR (3, 0, A0) [0, 0, 0, 1, 1, 0, 1, 0] -> [0, 0, 0, 1, 0, 0, 1, 1, 1] -> [0, 0, 0, 1, 0, 0, 1, 1, 1, 0]
 89: XOR (5,-2, B0) [1, 0, 0, 1, 1, 0, 1, 0] -> [1, 1, 1, 0, 1, 1, 0, 0, 1] -> [1, 1, 1, 0, 1, 1, 0, 0, 1, 0]
 90: XNOR(4, 0, A1) [0, 1, 0, 1, 1, 0, 1, 0] -> [0, 0, 1, 1, 1, 0, 0, 1, 0] -> [1, 1, 0, 0, 0, 1, 1, 0, 0, 1]
 91: XNOR(4, 0, A1) [1, 1, 0, 1, 1, 0, 1, 0] -> [1, 1, 0, 0, 0, 1, 1, 0, 0] -> [0, 0, 1, 1, 1, 0, 0, 1, 0, 1]
 92: XNOR(5, 0, A1) [0, 0, 1, 1, 1, 0, 1, 0] -> [0, 1, 1, 1, 1, 0, 0, 1, 0] -> [1, 0, 0, 0, 0, 1, 1, 0, 0, 1]
 93: XNOR(3,-2, B1) [1, 0, 1, 1, 1, 0, 1, 0] -> [1, 0, 0, 0, 0, 1, 1, 0, 0] -> [0, 1, 1, 1, 1, 0, 0, 1, 0, 1]
 94: XNOR(2, 0, A1) [0, 1, 1, 1, 1, 0, 1, 0] -> [0, 0, 0, 0, 0, 1, 1, 0, 0] -> [1, 1, 1, 1, 1, 0, 0, 1, 0, 1]
 95: XNOR(6, 4, B1) [1, 1, 1, 1, 1, 0, 1, 0] -> [1, 1, 1, 1, 1, 0, 0, 1, 0] -> [0, 0, 0, 0, 0, 1, 1, 0, 0, 1]
 96: XOR (1, 0, A0) [0, 0, 0, 0, 0, 1, 1, 0] -> [0, 0, 0, 0, 0, 1, 0, 0, 1] -> [0, 0, 0, 0, 0, 1, 0, 0, 1, 0]
 97: XOR (7,-6, B0) [1, 0, 0, 0, 0, 1, 1, 0] -> [1, 1, 1, 1, 1, 0, 1, 1, 1] -> [1, 1, 1, 1, 1, 0, 1, 1, 1, 0]
 98: XOR (6, 0, A0) [0, 1, 0, 0, 0, 1, 1, 0] -> [0, 1, 1, 1, 1, 0, 1, 1, 1] -> [0, 1, 1, 1, 1, 0, 1, 1, 1, 0]
 99: XOR (2, 4, B0) [1, 1, 0, 0, 0, 1, 1, 0] -> [1, 0, 0, 0, 0, 1, 0, 0, 1] -> [1, 0, 0, 0, 0, 1, 0, 0, 1, 0]
100: XOR (5, 0, A0) [0, 0, 1, 0, 0, 1, 1, 0] -> [0, 0, 1, 1, 1, 0, 1, 1, 1] -> [0, 0, 1, 1, 1, 0, 1, 1, 1, 0]
101: XOR (3, 2, B0) [1, 0, 1, 0, 0, 1, 1, 0] -> [1, 1, 0, 0, 0, 1, 0, 0, 1] -> [1, 1, 0, 0, 0, 1, 0, 0, 1, 0]
102: XNOR(2, 0, A1) [0, 1, 1, 0, 0, 1, 1, 0] -> [0, 0, 0, 1, 0, 0, 0, 1, 0] -> [1, 1, 1, 0, 1, 1, 1, 0, 0, 1]
103: XNOR(6, 4, B1) [1, 1, 1, 0, 0, 1, 1, 0] -> [1, 1, 1, 0, 1, 1, 1, 0, 0] -> [0, 0, 0, 1, 0, 0, 0, 1, 0, 1]
104: XOR (4, 0, A0) [0, 0, 0, 1, 0, 1, 1, 0] -> [0, 0, 0, 1, 1, 0, 1, 1, 1] -> [0, 0, 0, 1, 1, 0, 1, 1, 1, 0]
105: XOR (4, 0, A0) [1, 0, 0, 1, 0, 1, 1, 0] -> [1, 1, 1, 0, 0, 1, 0, 0, 1] -> [1, 1, 1, 0, 0, 1, 0, 0, 1, 0]
106: XNOR(3, 0, A1) [0, 1, 0, 1, 0, 1, 1, 0] -> [0, 0, 1, 1, 0, 0, 0, 1, 0] -> [1, 1, 0, 0, 1, 1, 1, 0, 0, 1]
107: XNOR(5, 2, B1) [1, 1, 0, 1, 0, 1, 1, 0] -> [1, 1, 0, 0, 1, 1, 1, 0, 0] -> [0, 0, 1, 1, 0, 0, 0, 1, 0, 1]
108: XNOR(4, 0, A1) [0, 0, 1, 1, 0, 1, 1, 0] -> [0, 1, 1, 1, 0, 0, 0, 1, 0] -> [1, 0, 0, 0, 1, 1, 1, 0, 0, 1]
109: XNOR(4, 0, A1) [1, 0, 1, 1, 0, 1, 1, 0] -> [1, 0, 0, 0, 1, 1, 1, 0, 0] -> [0, 1, 1, 1, 0, 0, 0, 1, 0, 1]
110: XNOR(3, 0, A1) [0, 1, 1, 1, 0, 1, 1, 0] -> [0, 0, 0, 0, 1, 1, 1, 0, 0] -> [1, 1, 1, 1, 0, 0, 0, 1, 0, 1]
111: XNOR(5, 2, B1) [1, 1, 1, 1, 0, 1, 1, 0] -> [1, 1, 1, 1, 0, 0, 0, 1, 0] -> [0, 0, 0, 0, 1, 1, 1, 0, 0, 1]
112: XOR (3, 0, A0) [0, 0, 0, 0, 1, 1, 1, 0] -> [0, 0, 0, 0, 1, 0, 1, 1, 1] -> [0, 0, 0, 0, 1, 0, 1, 1, 1, 0]
113: XOR (5,-2, B0) [1, 0, 0, 0, 1, 1, 1, 0] -> [1, 1, 1, 1, 0, 1, 0, 0, 1] -> [1, 1, 1, 1, 0, 1, 0, 0, 1, 0]
114: XNOR(2, 0, A1) [0, 1, 0, 0, 1, 1, 1, 0] -> [0, 0, 1, 0, 0, 0, 0, 1, 0] -> [1, 1, 0, 1, 1, 1, 1, 0, 0, 1]
115: XNOR(6, 4, B1) [1, 1, 0, 0, 1, 1, 1, 0] -> [1, 1, 0, 1, 1, 1, 1, 0, 0] -> [0, 0, 1, 0, 0, 0, 0, 1, 0, 1]
116: XNOR(3, 0, A1) [0, 0, 1, 0, 1, 1, 1, 0] -> [0, 1, 1, 0, 0, 0, 0, 1, 0] -> [1, 0, 0, 1, 1, 1, 1, 0, 0, 1]
117: XNOR(5, 2, B1) [1, 0, 1, 0, 1, 1, 1, 0] -> [1, 0, 0, 1, 1, 1, 1, 0, 0] -> [0, 1, 1, 0, 0, 0, 0, 1, 0, 1]
118: XNOR(4, 0, A1) [0, 1, 1, 0, 1, 1, 1, 0] -> [0, 0, 0, 1, 1, 1, 1, 0, 0] -> [1, 1, 1, 0, 0, 0, 0, 1, 0, 1]
119: XNOR(4, 0, A1) [1, 1, 1, 0, 1, 1, 1, 0] -> [1, 1, 1, 0, 0, 0, 0, 1, 0] -> [0, 0, 0, 1, 1, 1, 1, 0, 0, 1]
120: XNOR(2, 0, A1) [0, 0, 0, 1, 1, 1, 1, 0] -> [0, 1, 0, 0, 0, 0, 0, 1, 0] -> [1, 0, 1, 1, 1, 1, 1, 0, 0, 1]
121: XNOR(6, 4, B1) [1, 0, 0, 1, 1, 1, 1, 0] -> [1, 0, 1, 1, 1, 1, 1, 0, 0] -> [0, 1, 0, 0, 0, 0, 0, 1, 0, 1]
122: XNOR(5, 0, A1) [0, 1, 0, 1, 1, 1, 1, 0] -> [0, 0, 1, 1, 1, 1, 1, 0, 0] -> [1, 1, 0, 0, 0, 0, 0, 1, 0, 1]
123: XNOR(3,-2, B1) [1, 1, 0, 1, 1, 1, 1, 0] -> [1, 1, 0, 0, 0, 0, 0, 1, 0] -> [0, 0, 1, 1, 1, 1, 1, 0, 0, 1]
124: XNOR(6, 0, A1) [0, 0, 1, 1, 1, 1, 1, 0] -> [0, 1, 1, 1, 1, 1, 1, 0, 0] -> [1, 0, 0, 0, 0, 0, 0, 1, 0, 1]
125: XNOR(2,-4, B1) [1, 0, 1, 1, 1, 1, 1, 0] -> [1, 0, 0, 0, 0, 0, 0, 1, 0] -> [0, 1, 1, 1, 1, 1, 1, 0, 0, 1]
126: XNOR(1, 0, A1) [0, 1, 1, 1, 1, 1, 1, 0] -> [0, 0, 0, 0, 0, 0, 0, 1, 0] -> [1, 1, 1, 1, 1, 1, 1, 0, 0, 1]
127: XNOR(7, 6, B1) [1, 1, 1, 1, 1, 1, 1, 0] -> [1, 1, 1, 1, 1, 1, 1, 0, 0] -> [0, 0, 0, 0, 0, 0, 0, 1, 0, 1]
128: XOR (1, 0, A0) [0, 0, 0, 0, 0, 0, 0, 1] -> [0, 0, 0, 0, 0, 0, 0, 1, 1] -> [0, 0, 0, 0, 0, 0, 0, 1, 1, 0]
129: XOR (7,-6, B0) [1, 0, 0, 0, 0, 0, 0, 1] -> [1, 1, 1, 1, 1, 1, 1, 0, 1] -> [1, 1, 1, 1, 1, 1, 1, 0, 1, 0]
130: XOR (6, 0, A0) [0, 1, 0, 0, 0, 0, 0, 1] -> [0, 1, 1, 1, 1, 1, 1, 0, 1] -> [0, 1, 1, 1, 1, 1, 1, 0, 1, 0]
131: XOR (2, 4, B0) [1, 1, 0, 0, 0, 0, 0, 1] -> [1, 0, 0, 0, 0, 0, 0, 1, 1] -> [1, 0, 0, 0, 0, 0, 0, 1, 1, 0]
132: XOR (5, 0, A0) [0, 0, 1, 0, 0, 0, 0, 1] -> [0, 0, 1, 1, 1, 1, 1, 0, 1] -> [0, 0, 1, 1, 1, 1, 1, 0, 1, 0]
133: XOR (3, 2, B0) [1, 0, 1, 0, 0, 0, 0, 1] -> [1, 1, 0, 0, 0, 0, 0, 1, 1] -> [1, 1, 0, 0, 0, 0, 0, 1, 1, 0]
134: XOR (2, 0, A0) [0, 1, 1, 0, 0, 0, 0, 1] -> [0, 1, 0, 0, 0, 0, 0, 1, 1] -> [0, 1, 0, 0, 0, 0, 0, 1, 1, 0]
135: XOR (6,-4, B0) [1, 1, 1, 0, 0, 0, 0, 1] -> [1, 0, 1, 1, 1, 1, 1, 0, 1] -> [1, 0, 1, 1, 1, 1, 1, 0, 1, 0]
136: XOR (4, 0, A0) [0, 0, 0, 1, 0, 0, 0, 1] -> [0, 0, 0, 1, 1, 1, 1, 0, 1] -> [0, 0, 0, 1, 1, 1, 1, 0, 1, 0]
137: XOR (4, 0, A0) [1, 0, 0, 1, 0, 0, 0, 1] -> [1, 1, 1, 0, 0, 0, 0, 1, 1] -> [1, 1, 1, 0, 0, 0, 0, 1, 1, 0]
138: XOR (3, 0, A0) [0, 1, 0, 1, 0, 0, 0, 1] -> [0, 1, 1, 0, 0, 0, 0, 1, 1] -> [0, 1, 1, 0, 0, 0, 0, 1, 1, 0]
139: XOR (5,-2, B0) [1, 1, 0, 1, 0, 0, 0, 1] -> [1, 0, 0, 1, 1, 1, 1, 0, 1] -> [1, 0, 0, 1, 1, 1, 1, 0, 1, 0]
140: XOR (2, 0, A0) [0, 0, 1, 1, 0, 0, 0, 1] -> [0, 0, 1, 0, 0, 0, 0, 1, 1] -> [0, 0, 1, 0, 0, 0, 0, 1, 1, 0]
141: XOR (6,-4, B0) [1, 0, 1, 1, 0, 0, 0, 1] -> [1, 1, 0, 1, 1, 1, 1, 0, 1] -> [1, 1, 0, 1, 1, 1, 1, 0, 1, 0]
142: XNOR(3, 0, A1) [0, 1, 1, 1, 0, 0, 0, 1] -> [0, 0, 0, 0, 1, 0, 1, 1, 0] -> [1, 1, 1, 1, 0, 1, 0, 0, 0, 1]
143: XNOR(5, 2, B1) [1, 1, 1, 1, 0, 0, 0, 1] -> [1, 1, 1, 1, 0, 1, 0, 0, 0] -> [0, 0, 0, 0, 1, 0, 1, 1, 0, 1]
144: XOR (3, 0, A0) [0, 0, 0, 0, 1, 0, 0, 1] -> [0, 0, 0, 0, 1, 1, 1, 0, 1] -> [0, 0, 0, 0, 1, 1, 1, 0, 1, 0]
145: XOR (5,-2, B0) [1, 0, 0, 0, 1, 0, 0, 1] -> [1, 1, 1, 1, 0, 0, 0, 1, 1] -> [1, 1, 1, 1, 0, 0, 0, 1, 1, 0]
146: XOR (4, 0, A0) [0, 1, 0, 0, 1, 0, 0, 1] -> [0, 1, 1, 1, 0, 0, 0, 1, 1] -> [0, 1, 1, 1, 0, 0, 0, 1, 1, 0]
147: XOR (4, 0, A0) [1, 1, 0, 0, 1, 0, 0, 1] -> [1, 0, 0, 0, 1, 1, 1, 0, 1] -> [1, 0, 0, 0, 1, 1, 1, 0, 1, 0]
148: XOR (3, 0, A0) [0, 0, 1, 0, 1, 0, 0, 1] -> [0, 0, 1, 1, 0, 0, 0, 1, 1] -> [0, 0, 1, 1, 0, 0, 0, 1, 1, 0]
149: XOR (5,-2, B0) [1, 0, 1, 0, 1, 0, 0, 1] -> [1, 1, 0, 0, 1, 1, 1, 0, 1] -> [1, 1, 0, 0, 1, 1, 1, 0, 1, 0]
150: XNOR(4, 0, A1) [0, 1, 1, 0, 1, 0, 0, 1] -> [0, 0, 0, 1, 1, 0, 1, 1, 0] -> [1, 1, 1, 0, 0, 1, 0, 0, 0, 1]
151: XNOR(4, 0, A1) [1, 1, 1, 0, 1, 0, 0, 1] -> [1, 1, 1, 0, 0, 1, 0, 0, 0] -> [0, 0, 0, 1, 1, 0, 1, 1, 0, 1]
152: XOR (2, 0, A0) [0, 0, 0, 1, 1, 0, 0, 1] -> [0, 0, 0, 1, 0, 0, 0, 1, 1] -> [0, 0, 0, 1, 0, 0, 0, 1, 1, 0]
153: XOR (6,-4, B0) [1, 0, 0, 1, 1, 0, 0, 1] -> [1, 1, 1, 0, 1, 1, 1, 0, 1] -> [1, 1, 1, 0, 1, 1, 1, 0, 1, 0]
154: XNOR(5, 0, A1) [0, 1, 0, 1, 1, 0, 0, 1] -> [0, 0, 1, 1, 1, 0, 1, 1, 0] -> [1, 1, 0, 0, 0, 1, 0, 0, 0, 1]
155: XNOR(3,-2, B1) [1, 1, 0, 1, 1, 0, 0, 1] -> [1, 1, 0, 0, 0, 1, 0, 0, 0] -> [0, 0, 1, 1, 1, 0, 1, 1, 0, 1]
156: XNOR(6, 0, A1) [0, 0, 1, 1, 1, 0, 0, 1] -> [0, 1, 1, 1, 1, 0, 1, 1, 0] -> [1, 0, 0, 0, 0, 1, 0, 0, 0, 1]
157: XNOR(2,-4, B1) [1, 0, 1, 1, 1, 0, 0, 1] -> [1, 0, 0, 0, 0, 1, 0, 0, 0] -> [0, 1, 1, 1, 1, 0, 1, 1, 0, 1]
158: XNOR(1, 0, A1) [0, 1, 1, 1, 1, 0, 0, 1] -> [0, 0, 0, 0, 0, 1, 0, 0, 0] -> [1, 1, 1, 1, 1, 0, 1, 1, 0, 1]
159: XNOR(7, 6, B1) [1, 1, 1, 1, 1, 0, 0, 1] -> [1, 1, 1, 1, 1, 0, 1, 1, 0] -> [0, 0, 0, 0, 0, 1, 0, 0, 0, 1]
160: XOR (2, 0, A0) [0, 0, 0, 0, 0, 1, 0, 1] -> [0, 0, 0, 0, 0, 1, 1, 0, 1] -> [0, 0, 0, 0, 0, 1, 1, 0, 1, 0]
161: XOR (6,-4, B0) [1, 0, 0, 0, 0, 1, 0, 1] -> [1, 1, 1, 1, 1, 0, 0, 1, 1] -> [1, 1, 1, 1, 1, 0, 0, 1, 1, 0]
162: XOR (5, 0, A0) [0, 1, 0, 0, 0, 1, 0, 1] -> [0, 1, 1, 1, 1, 0, 0, 1, 1] -> [0, 1, 1, 1, 1, 0, 0, 1, 1, 0]
163: XOR (3, 2, B0) [1, 1, 0, 0, 0, 1, 0, 1] -> [1, 0, 0, 0, 0, 1, 1, 0, 1] -> [1, 0, 0, 0, 0, 1, 1, 0, 1, 0]
164: XOR (4, 0, A0) [0, 0, 1, 0, 0, 1, 0, 1] -> [0, 0, 1, 1, 1, 0, 0, 1, 1] -> [0, 0, 1, 1, 1, 0, 0, 1, 1, 0]
165: XOR (4, 0, A0) [1, 0, 1, 0, 0, 1, 0, 1] -> [1, 1, 0, 0, 0, 1, 1, 0, 1] -> [1, 1, 0, 0, 0, 1, 1, 0, 1, 0]
166: XNOR(3, 0, A1) [0, 1, 1, 0, 0, 1, 0, 1] -> [0, 0, 0, 1, 0, 0, 1, 1, 0] -> [1, 1, 1, 0, 1, 1, 0, 0, 0, 1]
167: XNOR(5, 2, B1) [1, 1, 1, 0, 0, 1, 0, 1] -> [1, 1, 1, 0, 1, 1, 0, 0, 0] -> [0, 0, 0, 1, 0, 0, 1, 1, 0, 1]
168: XOR (3, 0, A0) [0, 0, 0, 1, 0, 1, 0, 1] -> [0, 0, 0, 1, 1, 0, 0, 1, 1] -> [0, 0, 0, 1, 1, 0, 0, 1, 1, 0]
169: XOR (5,-2, B0) [1, 0, 0, 1, 0, 1, 0, 1] -> [1, 1, 1, 0, 0, 1, 1, 0, 1] -> [1, 1, 1, 0, 0, 1, 1, 0, 1, 0]
170: XNOR(4, 0, A1) [0, 1, 0, 1, 0, 1, 0, 1] -> [0, 0, 1, 1, 0, 0, 1, 1, 0] -> [1, 1, 0, 0, 1, 1, 0, 0, 0, 1]
171: XNOR(4, 0, A1) [1, 1, 0, 1, 0, 1, 0, 1] -> [1, 1, 0, 0, 1, 1, 0, 0, 0] -> [0, 0, 1, 1, 0, 0, 1, 1, 0, 1]
172: XNOR(5, 0, A1) [0, 0, 1, 1, 0, 1, 0, 1] -> [0, 1, 1, 1, 0, 0, 1, 1, 0] -> [1, 0, 0, 0, 1, 1, 0, 0, 0, 1]
173: XNOR(3,-2, B1) [1, 0, 1, 1, 0, 1, 0, 1] -> [1, 0, 0, 0, 1, 1, 0, 0, 0] -> [0, 1, 1, 1, 0, 0, 1, 1, 0, 1]
174: XNOR(2, 0, A1) [0, 1, 1, 1, 0, 1, 0, 1] -> [0, 0, 0, 0, 1, 1, 0, 0, 0] -> [1, 1, 1, 1, 0, 0, 1, 1, 0, 1]
175: XNOR(6, 4, B1) [1, 1, 1, 1, 0, 1, 0, 1] -> [1, 1, 1, 1, 0, 0, 1, 1, 0] -> [0, 0, 0, 0, 1, 1, 0, 0, 0, 1]
176: XOR (2, 0, A0) [0, 0, 0, 0, 1, 1, 0, 1] -> [0, 0, 0, 0, 1, 0, 0, 1, 1] -> [0, 0, 0, 0, 1, 0, 0, 1, 1, 0]
177: XOR (6,-4, B0) [1, 0, 0, 0, 1, 1, 0, 1] -> [1, 1, 1, 1, 0, 1, 1, 0, 1] -> [1, 1, 1, 1, 0, 1, 1, 0, 1, 0]
178: XNOR(3, 0, A1) [0, 1, 0, 0, 1, 1, 0, 1] -> [0, 0, 1, 0, 0, 0, 1, 1, 0] -> [1, 1, 0, 1, 1, 1, 0, 0, 0, 1]
179: XNOR(5, 2, B1) [1, 1, 0, 0, 1, 1, 0, 1] -> [1, 1, 0, 1, 1, 1, 0, 0, 0] -> [0, 0, 1, 0, 0, 0, 1, 1, 0, 1]
180: XNOR(4, 0, A1) [0, 0, 1, 0, 1, 1, 0, 1] -> [0, 1, 1, 0, 0, 0, 1, 1, 0] -> [1, 0, 0, 1, 1, 1, 0, 0, 0, 1]
181: XNOR(4, 0, A1) [1, 0, 1, 0, 1, 1, 0, 1] -> [1, 0, 0, 1, 1, 1, 0, 0, 0] -> [0, 1, 1, 0, 0, 0, 1, 1, 0, 1]
182: XNOR(3, 0, A1) [0, 1, 1, 0, 1, 1, 0, 1] -> [0, 0, 0, 1, 1, 1, 0, 0, 0] -> [1, 1, 1, 0, 0, 0, 1, 1, 0, 1]
183: XNOR(5, 2, B1) [1, 1, 1, 0, 1, 1, 0, 1] -> [1, 1, 1, 0, 0, 0, 1, 1, 0] -> [0, 0, 0, 1, 1, 1, 0, 0, 0, 1]
184: XNOR(3, 0, A1) [0, 0, 0, 1, 1, 1, 0, 1] -> [0, 1, 0, 0, 0, 0, 1, 1, 0] -> [1, 0, 1, 1, 1, 1, 0, 0, 0, 1]
185: XNOR(5, 2, B1) [1, 0, 0, 1, 1, 1, 0, 1] -> [1, 0, 1, 1, 1, 1, 0, 0, 0] -> [0, 1, 0, 0, 0, 0, 1, 1, 0, 1]
186: XNOR(4, 0, A1) [0, 1, 0, 1, 1, 1, 0, 1] -> [0, 0, 1, 1, 1, 1, 0, 0, 0] -> [1, 1, 0, 0, 0, 0, 1, 1, 0, 1]
187: XNOR(4, 0, A1) [1, 1, 0, 1, 1, 1, 0, 1] -> [1, 1, 0, 0, 0, 0, 1, 1, 0] -> [0, 0, 1, 1, 1, 1, 0, 0, 0, 1]
188: XNOR(5, 0, A1) [0, 0, 1, 1, 1, 1, 0, 1] -> [0, 1, 1, 1, 1, 1, 0, 0, 0] -> [1, 0, 0, 0, 0, 0, 1, 1, 0, 1]
189: XNOR(3,-2, B1) [1, 0, 1, 1, 1, 1, 0, 1] -> [1, 0, 0, 0, 0, 0, 1, 1, 0] -> [0, 1, 1, 1, 1, 1, 0, 0, 0, 1]
190: XNOR(2, 0, A1) [0, 1, 1, 1, 1, 1, 0, 1] -> [0, 0, 0, 0, 0, 0, 1, 1, 0] -> [1, 1, 1, 1, 1, 1, 0, 0, 0, 1]
191: XNOR(6, 4, B1) [1, 1, 1, 1, 1, 1, 0, 1] -> [1, 1, 1, 1, 1, 1, 0, 0, 0] -> [0, 0, 0, 0, 0, 0, 1, 1, 0, 1]
192: XOR (1, 0, A0) [0, 0, 0, 0, 0, 0, 1, 1] -> [0, 0, 0, 0, 0, 0, 1, 0, 1] -> [0, 0, 0, 0, 0, 0, 1, 0, 1, 0]
193: XOR (7,-6, B0) [1, 0, 0, 0, 0, 0, 1, 1] -> [1, 1, 1, 1, 1, 1, 0, 1, 1] -> [1, 1, 1, 1, 1, 1, 0, 1, 1, 0]
194: XOR (6, 0, A0) [0, 1, 0, 0, 0, 0, 1, 1] -> [0, 1, 1, 1, 1, 1, 0, 1, 1] -> [0, 1, 1, 1, 1, 1, 0, 1, 1, 0]
195: XOR (2, 4, B0) [1, 1, 0, 0, 0, 0, 1, 1] -> [1, 0, 0, 0, 0, 0, 1, 0, 1] -> [1, 0, 0, 0, 0, 0, 1, 0, 1, 0]
196: XOR (5, 0, A0) [0, 0, 1, 0, 0, 0, 1, 1] -> [0, 0, 1, 1, 1, 1, 0, 1, 1] -> [0, 0, 1, 1, 1, 1, 0, 1, 1, 0]
197: XOR (3, 2, B0) [1, 0, 1, 0, 0, 0, 1, 1] -> [1, 1, 0, 0, 0, 0, 1, 0, 1] -> [1, 1, 0, 0, 0, 0, 1, 0, 1, 0]
198: XNOR(4, 0, A1) [0, 1, 1, 0, 0, 0, 1, 1] -> [0, 0, 0, 1, 0, 1, 1, 1, 0] -> [1, 1, 1, 0, 1, 0, 0, 0, 0, 1]
199: XNOR(4, 0, A1) [1, 1, 1, 0, 0, 0, 1, 1] -> [1, 1, 1, 0, 1, 0, 0, 0, 0] -> [0, 0, 0, 1, 0, 1, 1, 1, 0, 1]
200: XOR (4, 0, A0) [0, 0, 0, 1, 0, 0, 1, 1] -> [0, 0, 0, 1, 1, 1, 0, 1, 1] -> [0, 0, 0, 1, 1, 1, 0, 1, 1, 0]
201: XOR (4, 0, A0) [1, 0, 0, 1, 0, 0, 1, 1] -> [1, 1, 1, 0, 0, 0, 1, 0, 1] -> [1, 1, 1, 0, 0, 0, 1, 0, 1, 0]
202: XNOR(5, 0, A1) [0, 1, 0, 1, 0, 0, 1, 1] -> [0, 0, 1, 1, 0, 1, 1, 1, 0] -> [1, 1, 0, 0, 1, 0, 0, 0, 0, 1]
203: XNOR(3,-2, B1) [1, 1, 0, 1, 0, 0, 1, 1] -> [1, 1, 0, 0, 1, 0, 0, 0, 0] -> [0, 0, 1, 1, 0, 1, 1, 1, 0, 1]
204: XNOR(6, 0, A1) [0, 0, 1, 1, 0, 0, 1, 1] -> [0, 1, 1, 1, 0, 1, 1, 1, 0] -> [1, 0, 0, 0, 1, 0, 0, 0, 0, 1]
205: XNOR(2,-4, B1) [1, 0, 1, 1, 0, 0, 1, 1] -> [1, 0, 0, 0, 1, 0, 0, 0, 0] -> [0, 1, 1, 1, 0, 1, 1, 1, 0, 1]
206: XNOR(1, 0, A1) [0, 1, 1, 1, 0, 0, 1, 1] -> [0, 0, 0, 0, 1, 0, 0, 0, 0] -> [1, 1, 1, 1, 0, 1, 1, 1, 0, 1]
207: XNOR(7, 6, B1) [1, 1, 1, 1, 0, 0, 1, 1] -> [1, 1, 1, 1, 0, 1, 1, 1, 0] -> [0, 0, 0, 0, 1, 0, 0, 0, 0, 1]
208: XOR (3, 0, A0) [0, 0, 0, 0, 1, 0, 1, 1] -> [0, 0, 0, 0, 1, 1, 0, 1, 1] -> [0, 0, 0, 0, 1, 1, 0, 1, 1, 0]
209: XOR (5,-2, B0) [1, 0, 0, 0, 1, 0, 1, 1] -> [1, 1, 1, 1, 0, 0, 1, 0, 1] -> [1, 1, 1, 1, 0, 0, 1, 0, 1, 0]
210: XNOR(4, 0, A1) [0, 1, 0, 0, 1, 0, 1, 1] -> [0, 0, 1, 0, 0, 1, 1, 1, 0] -> [1, 1, 0, 1, 1, 0, 0, 0, 0, 1]
211: XNOR(4, 0, A1) [1, 1, 0, 0, 1, 0, 1, 1] -> [1, 1, 0, 1, 1, 0, 0, 0, 0] -> [0, 0, 1, 0, 0, 1, 1, 1, 0, 1]
212: XNOR(5, 0, A1) [0, 0, 1, 0, 1, 0, 1, 1] -> [0, 1, 1, 0, 0, 1, 1, 1, 0] -> [1, 0, 0, 1, 1, 0, 0, 0, 0, 1]
213: XNOR(3,-2, B1) [1, 0, 1, 0, 1, 0, 1, 1] -> [1, 0, 0, 1, 1, 0, 0, 0, 0] -> [0, 1, 1, 0, 0, 1, 1, 1, 0, 1]
214: XNOR(2, 0, A1) [0, 1, 1, 0, 1, 0, 1, 1] -> [0, 0, 0, 1, 1, 0, 0, 0, 0] -> [1, 1, 1, 0, 0, 1, 1, 1, 0, 1]
215: XNOR(6, 4, B1) [1, 1, 1, 0, 1, 0, 1, 1] -> [1, 1, 1, 0, 0, 1, 1, 1, 0] -> [0, 0, 0, 1, 1, 0, 0, 0, 0, 1]
216: XNOR(4, 0, A1) [0, 0, 0, 1, 1, 0, 1, 1] -> [0, 1, 0, 0, 0, 1, 1, 1, 0] -> [1, 0, 1, 1, 1, 0, 0, 0, 0, 1]
217: XNOR(4, 0, A1) [1, 0, 0, 1, 1, 0, 1, 1] -> [1, 0, 1, 1, 1, 0, 0, 0, 0] -> [0, 1, 0, 0, 0, 1, 1, 1, 0, 1]
218: XNOR(3, 0, A1) [0, 1, 0, 1, 1, 0, 1, 1] -> [0, 0, 1, 1, 1, 0, 0, 0, 0] -> [1, 1, 0, 0, 0, 1, 1, 1, 0, 1]
219: XNOR(5, 2, B1) [1, 1, 0, 1, 1, 0, 1, 1] -> [1, 1, 0, 0, 0, 1, 1, 1, 0] -> [0, 0, 1, 1, 1, 0, 0, 0, 0, 1]
220: XNOR(4, 0, A1) [0, 0, 1, 1, 1, 0, 1, 1] -> [0, 1, 1, 1, 1, 0, 0, 0, 0] -> [1, 0, 0, 0, 0, 1, 1, 1, 0, 1]
221: XNOR(4, 0, A1) [1, 0, 1, 1, 1, 0, 1, 1] -> [1, 0, 0, 0, 0, 1, 1, 1, 0] -> [0, 1, 1, 1, 1, 0, 0, 0, 0, 1]
222: XNOR(3, 0, A1) [0, 1, 1, 1, 1, 0, 1, 1] -> [0, 0, 0, 0, 0, 1, 1, 1, 0] -> [1, 1, 1, 1, 1, 0, 0, 0, 0, 1]
223: XNOR(5, 2, B1) [1, 1, 1, 1, 1, 0, 1, 1] -> [1, 1, 1, 1, 1, 0, 0, 0, 0] -> [0, 0, 0, 0, 0, 1, 1, 1, 0, 1]
224: XOR (2, 0, A0) [0, 0, 0, 0, 0, 1, 1, 1] -> [0, 0, 0, 0, 0, 1, 0, 1, 1] -> [0, 0, 0, 0, 0, 1, 0, 1, 1, 0]
225: XOR (6,-4, B0) [1, 0, 0, 0, 0, 1, 1, 1] -> [1, 1, 1, 1, 1, 0, 1, 0, 1] -> [1, 1, 1, 1, 1, 0, 1, 0, 1, 0]
226: XNOR(5, 0, A1) [0, 1, 0, 0, 0, 1, 1, 1] -> [0, 0, 1, 0, 1, 1, 1, 1, 0] -> [1, 1, 0, 1, 0, 0, 0, 0, 0, 1]
227: XNOR(3,-2, B1) [1, 1, 0, 0, 0, 1, 1, 1] -> [1, 1, 0, 1, 0, 0, 0, 0, 0] -> [0, 0, 1, 0, 1, 1, 1, 1, 0, 1]
228: XNOR(6, 0, A1) [0, 0, 1, 0, 0, 1, 1, 1] -> [0, 1, 1, 0, 1, 1, 1, 1, 0] -> [1, 0, 0, 1, 0, 0, 0, 0, 0, 1]
229: XNOR(2,-4, B1) [1, 0, 1, 0, 0, 1, 1, 1] -> [1, 0, 0, 1, 0, 0, 0, 0, 0] -> [0, 1, 1, 0, 1, 1, 1, 1, 0, 1]
230: XNOR(1, 0, A1) [0, 1, 1, 0, 0, 1, 1, 1] -> [0, 0, 0, 1, 0, 0, 0, 0, 0] -> [1, 1, 1, 0, 1, 1, 1, 1, 0, 1]
231: XNOR(7, 6, B1) [1, 1, 1, 0, 0, 1, 1, 1] -> [1, 1, 1, 0, 1, 1, 1, 1, 0] -> [0, 0, 0, 1, 0, 0, 0, 0, 0, 1]
232: XNOR(5, 0, A1) [0, 0, 0, 1, 0, 1, 1, 1] -> [0, 1, 0, 0, 1, 1, 1, 1, 0] -> [1, 0, 1, 1, 0, 0, 0, 0, 0, 1]
233: XNOR(3,-2, B1) [1, 0, 0, 1, 0, 1, 1, 1] -> [1, 0, 1, 1, 0, 0, 0, 0, 0] -> [0, 1, 0, 0, 1, 1, 1, 1, 0, 1]
234: XNOR(2, 0, A1) [0, 1, 0, 1, 0, 1, 1, 1] -> [0, 0, 1, 1, 0, 0, 0, 0, 0] -> [1, 1, 0, 0, 1, 1, 1, 1, 0, 1]
235: XNOR(6, 4, B1) [1, 1, 0, 1, 0, 1, 1, 1] -> [1, 1, 0, 0, 1, 1, 1, 1, 0] -> [0, 0, 1, 1, 0, 0, 0, 0, 0, 1]
236: XNOR(3, 0, A1) [0, 0, 1, 1, 0, 1, 1, 1] -> [0, 1, 1, 1, 0, 0, 0, 0, 0] -> [1, 0, 0, 0, 1, 1, 1, 1, 0, 1]
237: XNOR(5, 2, B1) [1, 0, 1, 1, 0, 1, 1, 1] -> [1, 0, 0, 0, 1, 1, 1, 1, 0] -> [0, 1, 1, 1, 0, 0, 0, 0, 0, 1]
238: XNOR(4, 0, A1) [0, 1, 1, 1, 0, 1, 1, 1] -> [0, 0, 0, 0, 1, 1, 1, 1, 0] -> [1, 1, 1, 1, 0, 0, 0, 0, 0, 1]
239: XNOR(4, 0, A1) [1, 1, 1, 1, 0, 1, 1, 1] -> [1, 1, 1, 1, 0, 0, 0, 0, 0] -> [0, 0, 0, 0, 1, 1, 1, 1, 0, 1]
240: XNOR(6, 0, A1) [0, 0, 0, 0, 1, 1, 1, 1] -> [0, 1, 0, 1, 1, 1, 1, 1, 0] -> [1, 0, 1, 0, 0, 0, 0, 0, 0, 1]
241: XNOR(2,-4, B1) [1, 0, 0, 0, 1, 1, 1, 1] -> [1, 0, 1, 0, 0, 0, 0, 0, 0] -> [0, 1, 0, 1, 1, 1, 1, 1, 0, 1]
242: XNOR(1, 0, A1) [0, 1, 0, 0, 1, 1, 1, 1] -> [0, 0, 1, 0, 0, 0, 0, 0, 0] -> [1, 1, 0, 1, 1, 1, 1, 1, 0, 1]
243: XNOR(7, 6, B1) [1, 1, 0, 0, 1, 1, 1, 1] -> [1, 1, 0, 1, 1, 1, 1, 1, 0] -> [0, 0, 1, 0, 0, 0, 0, 0, 0, 1]
244: XNOR(2, 0, A1) [0, 0, 1, 0, 1, 1, 1, 1] -> [0, 1, 1, 0, 0, 0, 0, 0, 0] -> [1, 0, 0, 1, 1, 1, 1, 1, 0, 1]
245: XNOR(6, 4, B1) [1, 0, 1, 0, 1, 1, 1, 1] -> [1, 0, 0, 1, 1, 1, 1, 1, 0] -> [0, 1, 1, 0, 0, 0, 0, 0, 0, 1]
246: XNOR(5, 0, A1) [0, 1, 1, 0, 1, 1, 1, 1] -> [0, 0, 0, 1, 1, 1, 1, 1, 0] -> [1, 1, 1, 0, 0, 0, 0, 0, 0, 1]
247: XNOR(3,-2, B1) [1, 1, 1, 0, 1, 1, 1, 1] -> [1, 1, 1, 0, 0, 0, 0, 0, 0] -> [0, 0, 0, 1, 1, 1, 1, 1, 0, 1]
248: XNOR(1, 0, A1) [0, 0, 0, 1, 1, 1, 1, 1] -> [0, 1, 0, 0, 0, 0, 0, 0, 0] -> [1, 0, 1, 1, 1, 1, 1, 1, 0, 1]
249: XNOR(7, 6, B1) [1, 0, 0, 1, 1, 1, 1, 1] -> [1, 0, 1, 1, 1, 1, 1, 1, 0] -> [0, 1, 0, 0, 0, 0, 0, 0, 0, 1]
250: XNOR(6, 0, A1) [0, 1, 0, 1, 1, 1, 1, 1] -> [0, 0, 1, 1, 1, 1, 1, 1, 0] -> [1, 1, 0, 0, 0, 0, 0, 0, 0, 1]
251: XNOR(2,-4, B1) [1, 1, 0, 1, 1, 1, 1, 1] -> [1, 1, 0, 0, 0, 0, 0, 0, 0] -> [0, 0, 1, 1, 1, 1, 1, 1, 0, 1]
252: XNOR(7, 0, A1) [0, 0, 1, 1, 1, 1, 1, 1] -> [0, 1, 1, 1, 1, 1, 1, 1, 0] -> [1, 0, 0, 0, 0, 0, 0, 0, 0, 1]
253: XNOR(1,-6, B1) [1, 0, 1, 1, 1, 1, 1, 1] -> [1, 0, 0, 0, 0, 0, 0, 0, 0] -> [0, 1, 1, 1, 1, 1, 1, 1, 0, 1]
254: XNOR(0, 0, A1) [0, 1, 1, 1, 1, 1, 1, 1] -> [0, 0, 0, 0, 0, 0, 0, 0, 0] -> [1, 1, 1, 1, 1, 1, 1, 1, 0, 1]
255: XNOR(8, 8, B1) [1, 1, 1, 1, 1, 1, 1, 1] -> [1, 1, 1, 1, 1, 1, 1, 1, 0] -> [0, 0, 0, 0, 0, 0, 0, 0, 0, 1]
